0.000000000000000000e+00
0.000000000000000000e+00
0.000000000000000000e+00
0.000000000000000000e+00
0.000000000000000000e+00
0.000000000000000000e+00
0.000000000000000000e+00
0.000000000000000000e+00
0.000000000000000000e+00
0.000000000000000000e+00
0.000000000000000000e+00
0.000000000000000000e+00
0.000000000000000000e+00
1.536134478800513444e-14
6.461165837338534631e-13
1.512933376349639909e-12
1.794612035929091331e-11
2.391005212186181140e-10
5.313190103649996660e-10
8.311227721860068045e-10
1.128168531047994316e-09
9.521578152459348937e-10
9.323559517148616551e-10
1.113965995479405424e-09
8.212507531438446368e-10
1.611505357570922052e-09
1.267467518807548509e-09
2.015224535512740345e-09
2.757081959182315214e-09
3.336499049805706352e-09
3.471881709124491128e-09
2.628218733956663960e-09
3.242416019509561833e-09
7.729293586365525925e-09
1.320453864293946502e-08
1.489423472792812178e-08
1.951689147422989822e-08
2.503713717832023326e-08
4.451435164354651672e-08
5.663307813695403748e-08
1.443231842751022661e-07
3.866984294596874876e-07
4.303078633688353851e-07
1.686180427361798678e-07
2.175705228770015252e-07
2.775159733155633583e-07
2.441375045824474488e-07
2.260398529621918115e-07
3.667895492829254382e-07
3.292818010345242319e-07
1.022298164074518411e-06
9.806276018209670369e-07
1.544481906642739826e-06
1.893528881003793867e-06
3.221868096138052725e-06
4.285414761545828193e-06
5.819659616316490887e-06
4.691743939320500907e-06
4.874599187024812563e-06
1.014047400323354771e-05
1.353669821005013206e-05
1.041006372892032438e-05
4.995261430816627333e-06
5.567570284600810689e-06
9.618524669572114767e-06
7.987955154405594274e-06
1.371881674437161073e-05
1.854184848058679284e-05
4.095651538021394809e-05
1.794848509401384868e-05
2.574698084682923712e-05
1.963997569343733224e-05
3.448259748775304605e-05
3.775567022930745808e-05
3.197141372177326010e-05
4.744611203568288154e-05
6.478253655598562694e-05
7.160693385754381710e-05
5.412727719567584896e-05
4.554484243635700482e-05
3.500778215377705406e-05
3.739880348258938484e-05
4.714378314129921834e-05
4.363206236590614566e-05
4.363228314414307199e-05
5.151767625808243898e-05
6.224973061193640831e-05
7.357723561166119365e-05
9.879721067860700240e-05
7.530803521525476210e-05
6.668545668696477754e-05
5.374844185932752281e-05
8.098019097964541510e-05
6.856012112578500103e-05
6.640895019093846904e-05
7.078060332433123243e-05
9.909895319951015984e-05
1.212188498866101751e-04
1.406467994014480539e-04
1.053181157121213865e-04
1.256770634447918833e-04
9.425700018432023992e-05
9.954224247673734130e-05
9.848660020466333293e-05
1.260867365275766111e-04
1.226305564120953363e-04
1.470641700314416175e-04
1.432455420494659830e-04
1.824447793750493647e-04
1.661527872924842752e-04
1.901751012066885658e-04
1.997122329079771400e-04
1.690504699442825335e-04
1.218742152225793610e-04
1.337882109203001062e-04
1.377206829558420560e-04
1.425093581704952434e-04
1.922670973609326103e-04
1.873323007247259793e-04
1.828174737364547360e-04
1.468575229105669182e-04
1.262500466115559837e-04
1.502066532511343161e-04
1.558222373536776058e-04
1.773054567956195836e-04
1.846256523833293803e-04
2.638081233392666758e-04
3.075439336795815861e-04
3.189057405670100835e-04
3.163880609467900075e-04
3.122139326768803760e-04
2.345128185382477416e-04
2.628549896079662935e-04
3.006490325649856482e-04
3.291047817039142575e-04
2.276613965438023664e-04
1.440682709958723796e-04
1.665800234540635823e-04
1.433717434914187877e-04
1.076263679145780377e-04
1.230752856546662587e-04
1.813496252272207734e-04
1.108095395836466871e-04
1.039621226329659888e-04
7.979675885432485725e-05
8.669816694177133584e-05
1.032922972531774623e-04
8.016762880841791247e-05
7.503470806212359553e-05
7.763644256145373838e-05
1.205920127564151463e-04
9.247032566593664212e-05
1.158650547438025657e-04
1.104774577933396198e-04
9.740385451954411617e-05
8.863021734881649952e-05
9.733798687418768224e-05
9.477907082368668623e-05
1.303533372776125401e-04
1.093182239915336130e-04
8.624479827647336244e-05
7.919244624350651237e-05
6.915678091355147486e-05
6.254237711497501542e-05
6.786638010498511567e-05
1.049655985641350877e-04
1.611263938516833787e-04
1.459040355021846925e-04
9.291604500304149800e-05
7.460174960798637346e-05
6.207243839273357121e-05
4.280825099394187201e-05
4.597774286056481374e-05
4.939476987014034350e-05
3.018088227171944344e-05
3.200415198884345427e-05
2.904121592539846372e-05
4.684072071978250489e-05
4.779997895204566910e-05
6.228227185205791158e-05
5.453863272994159353e-05
4.387053309933061499e-05
5.514235725682386396e-05
4.237423269782291567e-05
4.075867690772156461e-05
5.020897837516289958e-05
5.840919234680716537e-05
5.126791369467362068e-05
5.552691466951965979e-05
3.927050135457875132e-05
5.265899241831308578e-05
4.100493425783589813e-05
1.429086268022727315e-04
1.485482558407407382e-04
1.239574702596973183e-04
7.446195070632975939e-05
4.942480178499260611e-05
2.879001596984107436e-05
1.594930042904350244e-05
1.494265129422616523e-05
1.015430404477569433e-05
1.408928361983203360e-05
1.098397968942752687e-05
1.888437037740468396e-05
2.480841701035172960e-05
2.102638507579259090e-05
1.371216981885134876e-05
1.459854783859784874e-05
1.474282792420084483e-05
1.566238104584691767e-05
1.772659262370836249e-05
2.535283643821053428e-05
2.240224196321861271e-05
1.697817193414796858e-05
1.513647765524280092e-05
2.556098729727408940e-05
1.248456650656405546e-05
1.931570337181112303e-05
1.512806269860508651e-05
2.680682485611653320e-05
2.521755473169855736e-05
1.748158129791816071e-05
1.875027468283226083e-05
1.574431741363842031e-05
1.956523360417495447e-05
5.709455540030746330e-05
3.874429280406175880e-05
5.981796223934051450e-05
1.177605812604939106e-05
1.549947572215593477e-05
2.916520551653006981e-05
2.975091983564775923e-05
2.864583047118564286e-05
1.618535974384603879e-05
1.262456150013755720e-05
1.457198922478127891e-05
7.817802506445631144e-06
8.045302722109447878e-06
7.960797350864582620e-06
1.599589011877006854e-05
7.863709727582577415e-06
4.643012351150621802e-06
7.224931685043766737e-06
8.647966437654928574e-06
5.326998011656534893e-06
7.731549457374946492e-06
1.455344501850532536e-05
2.282278852985545462e-05
1.254450148413494824e-05
3.197044420284312873e-05
3.983690951617209583e-06
1.468731991097337340e-06
1.500597492847714053e-06
5.258186988550583833e-06
2.245678017895898419e-06
8.792775960366893963e-06
3.804856484762563324e-06
2.947701183091623886e-06
8.836178823130657732e-07
9.582378840123107605e-07
6.083974138901956362e-07
8.055774532283561815e-07
1.913810468018617850e-06
5.794477527667958607e-07
3.592430665922284273e-07
7.256612623959776056e-07
5.636371004744562926e-07
7.006787931893235772e-07
1.212781966490327808e-07
1.804620378065870116e-07
3.514273518987604456e-07
5.694425052590461044e-07
4.105173469920064019e-07
8.093589820865549376e-08
4.746184187341372622e-08
4.089796110139619404e-08
2.674511176077807139e-08
1.071918301222710787e-08
1.435104651596417772e-08
1.469376269136882315e-08
1.291511415115402052e-08
4.120634335484588339e-08
7.864813950465416185e-08
8.010424951482309539e-08
1.599739157938974618e-08
1.859901415403193674e-08
6.888502225516552362e-08
1.019922943967897242e-07
9.964318305300896600e-08
9.082383403486093785e-08
2.672727271234624730e-09
2.898289913506880431e-10
0.000000000000000000e+00
0.000000000000000000e+00
0.000000000000000000e+00
0.000000000000000000e+00
0.000000000000000000e+00
0.000000000000000000e+00
0.000000000000000000e+00
0.000000000000000000e+00
0.000000000000000000e+00
0.000000000000000000e+00
0.000000000000000000e+00
0.000000000000000000e+00
0.000000000000000000e+00
0.000000000000000000e+00
0.000000000000000000e+00
0.000000000000000000e+00
0.000000000000000000e+00
0.000000000000000000e+00
0.000000000000000000e+00
0.000000000000000000e+00
0.000000000000000000e+00
0.000000000000000000e+00
0.000000000000000000e+00
0.000000000000000000e+00
0.000000000000000000e+00
0.000000000000000000e+00
0.000000000000000000e+00
0.000000000000000000e+00
0.000000000000000000e+00
0.000000000000000000e+00
0.000000000000000000e+00
0.000000000000000000e+00
0.000000000000000000e+00
0.000000000000000000e+00
0.000000000000000000e+00
0.000000000000000000e+00
0.000000000000000000e+00
0.000000000000000000e+00
0.000000000000000000e+00
0.000000000000000000e+00
0.000000000000000000e+00
0.000000000000000000e+00
0.000000000000000000e+00
0.000000000000000000e+00
0.000000000000000000e+00
0.000000000000000000e+00
0.000000000000000000e+00
0.000000000000000000e+00
0.000000000000000000e+00
0.000000000000000000e+00
0.000000000000000000e+00
0.000000000000000000e+00
0.000000000000000000e+00
0.000000000000000000e+00
0.000000000000000000e+00
0.000000000000000000e+00
0.000000000000000000e+00
0.000000000000000000e+00
0.000000000000000000e+00
0.000000000000000000e+00
0.000000000000000000e+00
0.000000000000000000e+00
0.000000000000000000e+00
0.000000000000000000e+00
0.000000000000000000e+00
0.000000000000000000e+00
0.000000000000000000e+00
0.000000000000000000e+00
